image: toren.png
resolution: 0.010000
#origin: [-22.800000, -20.400000, 0.000000]
origin: [-0.52, -0.76, 0.0]
negate: 0
occupied_thresh: 0.5
free_thresh: 0.5

